#Layer_Color=16711935
#
#Feature symbol names
#
$0 r3.937
$1 r7.874

#
#Feature attribute names
#

#
#Layer features
#
A 0.5996063 0.2588194 0.5996063 0.2588194 0.5799213 0.2588194 0 P 0 N
A 2.019685 0.2580219 2.019685 0.2580219 2 0.2580219 0 P 0 N
L -0.0187007 0.2169295 -0.0187007 0.2405516 0 P 0
L -0.0187007 0.2169295 0.0049213 0.2405515 0 P 0
L -0.0187007 0.2405516 -0.0187007 0.5594492 0 P 0
L -0.0187007 0.2405516 0.206693 0.2405516 0 P 0
L -0.0187007 0.5594492 -0.0187007 0.5830713 0 P 0
L -0.0187007 0.5594492 0.206693 0.5594492 0 P 0
L -0.0187007 0.5830713 0.0049213 0.5594493 0 P 0
L 0.206693 0.2405516 0.206693 0.5594492 0 P 0
L 0.239016 0.1692914 0.239016 0.1929134 0 P 0
L 0.239016 0.1692914 0.278386 0.1692914 0 P 0
L 0.239016 0.1929134 0.278386 0.1929134 0 P 0
L 0.2391732 0.5246851 0.2391732 0.6112993 0 P 0
L 0.2391732 0.5246851 0.2923228 0.5246851 0 P 0
L 0.2391732 0.6112993 0.2923228 0.6112993 0 P 0
L 0.278386 0.1692914 0.278386 0.1929134 0 P 0
L 0.2923228 0.5246851 0.2923228 0.6112993 0 P 0
L 0.3283437 0.1692922 0.3283437 0.1909457 0 P 0
L 0.3283437 0.1692922 0.3716508 0.1692922 0 P 0
L 0.3283437 0.1909457 0.3716508 0.1909457 0 P 0
L 0.3395669 0.4125977 0.3395669 0.4342512 0 P 0
L 0.3395669 0.4125977 0.382874 0.4125977 0 P 0
L 0.3395669 0.4342512 0.382874 0.4342512 0 P 0
L 0.3395669 0.4491732 0.3395669 0.4708267 0 P 0
L 0.3395669 0.4491732 0.382874 0.4491732 0 P 0
L 0.3395669 0.4708267 0.382874 0.4708267 0 P 0
L 0.339567 0.5314961 0.339567 0.5531496 0 P 0
L 0.339567 0.5314961 0.3828741 0.5314961 0 P 0
L 0.339567 0.5531496 0.3828741 0.5531496 0 P 0
L 0.340553 0.4950754 0.340553 0.5186978 0 P 0
L 0.340553 0.4950754 0.3799258 0.4950754 0 P 0
L 0.340553 0.5186978 0.3799258 0.5186978 0 P 0
L 0.3716508 0.1692922 0.3716508 0.1909457 0 P 0
L 0.3799258 0.4950754 0.3799258 0.5186978 0 P 0
L 0.382874 0.4125977 0.382874 0.4342512 0 P 0
L 0.382874 0.4491732 0.382874 0.4708267 0 P 0
L 0.3828741 0.5314961 0.3828741 0.5531496 0 P 0
L 0.4070874 0.1692922 0.4070874 0.1909457 0 P 0
L 0.4070874 0.1692922 0.4503945 0.1692922 0 P 0
L 0.4070874 0.1909457 0.4503945 0.1909457 0 P 0
L 0.4139399 0.5738158 0.4139399 0.6230284 0 P 0
L 0.4139399 0.5738158 0.4631525 0.5738158 0 P 0
L 0.4139399 0.6230284 0.4631525 0.6230284 0 P 0
L 0.418504 0.2233863 0.418504 0.4202367 0 P 0
L 0.418504 0.2233863 0.6153544 0.2233863 0 P 0
L 0.418504 0.4202367 0.6153544 0.4202367 0 P 0
L 0.4395278 0.4803156 0.4395278 0.5236227 0 P 0
L 0.4395278 0.4803156 0.4611813 0.4803156 0 P 0
L 0.4395278 0.5236227 0.4611813 0.5236227 0 P 0
L 0.4503945 0.1692922 0.4503945 0.1909457 0 P 0
L 0.4611813 0.4803156 0.4611813 0.5236227 0 P 0
L 0.4631525 0.5738158 0.4631525 0.6230284 0 P 0
L 0.4749602 0.5757881 0.4749602 0.6171267 0 P 0
L 0.4749602 0.5757881 0.4966138 0.5757881 0 P 0
L 0.4749602 0.6171267 0.4966138 0.6171267 0 P 0
L 0.4769288 0.4803157 0.4769288 0.5236228 0 P 0
L 0.4769288 0.4803157 0.4985823 0.4803157 0 P 0
L 0.4769288 0.5236228 0.4985823 0.5236228 0 P 0
L 0.4858269 0.1692921 0.4858269 0.1909457 0 P 0
L 0.4858269 0.1692921 0.5271655 0.1692921 0 P 0
L 0.4858269 0.1909457 0.5271655 0.1909457 0 P 0
L 0.4966138 0.5757881 0.4966138 0.6171267 0 P 0
L 0.4985823 0.4803157 0.4985823 0.5236228 0 P 0
L 0.5271655 0.1692921 0.5271655 0.1909457 0 P 0
L 0.5330709 0.5275587 0.5330709 0.5925194 0 P 0
L 0.5330709 0.5275587 0.5980316 0.5275587 0 P 0
L 0.5330709 0.5925194 0.5980316 0.5925194 0 P 0
L 0.5438973 0.6082682 0.5438973 0.6299217 0 P 0
L 0.5438973 0.6082682 0.5872044 0.6082682 0 P 0
L 0.5438973 0.6299217 0.5872044 0.6299217 0 P 0
L 0.5450789 0.4911413 0.5450789 0.5127949 0 P 0
L 0.5450789 0.4911413 0.5864175 0.4911413 0 P 0
L 0.5450789 0.5127949 0.5864175 0.5127949 0 P 0
L 0.5625986 0.1692921 0.5625986 0.1909457 0 P 0
L 0.5625986 0.1692921 0.6039372 0.1692921 0 P 0
L 0.5625986 0.1909457 0.6039372 0.1909457 0 P 0
L 0.5864175 0.4911413 0.5864175 0.5127949 0 P 0
L 0.5872044 0.6082682 0.5872044 0.6299217 0 P 0
L 0.5980316 0.5275587 0.5980316 0.5925194 0 P 0
L 0.6039372 0.1692921 0.6039372 0.1909457 0 P 0
L 0.6153544 0.2233863 0.6153544 0.4202367 0 P 0
L 0.6206697 0.5403558 0.6206697 0.5836629 0 P 0
L 0.6206697 0.5403558 0.6423232 0.5403558 0 P 0
L 0.6206697 0.5836629 0.6423232 0.5836629 0 P 0
L 0.6226379 0.6082681 0.6226379 0.6299217 0 P 0
L 0.6226379 0.6082681 0.6639765 0.6082681 0 P 0
L 0.6226379 0.6299217 0.6639765 0.6299217 0 P 0
L 0.6403543 0.331654 0.6403543 0.3749611 0 P 0
L 0.6403543 0.331654 0.6620078 0.331654 0 P 0
L 0.6403543 0.3749611 0.6620078 0.3749611 0 P 0
L 0.6403543 0.4133862 0.6403543 0.4547248 0 P 0
L 0.6403543 0.4133862 0.6620079 0.4133862 0 P 0
L 0.6403543 0.4547248 0.6620079 0.4547248 0 P 0
L 0.6423232 0.5403558 0.6423232 0.5836629 0 P 0
L 0.6561023 0.5403547 0.6561023 0.5836618 0 P 0
L 0.6561023 0.5403547 0.6777558 0.5403547 0 P 0
L 0.6561023 0.5836618 0.6777558 0.5836618 0 P 0
L 0.6561028 0.2538936 0.6561028 0.2972007 0 P 0
L 0.6561028 0.2538936 0.6777563 0.2538936 0 P 0
L 0.6561028 0.2972007 0.6777563 0.2972007 0 P 0
L 0.6620078 0.331654 0.6620078 0.3749611 0 P 0
L 0.6620079 0.4133862 0.6620079 0.4547248 0 P 0
L 0.6639765 0.6082681 0.6639765 0.6299217 0 P 0
L 0.6777558 0.5403547 0.6777558 0.5836618 0 P 0
L 0.6777563 0.2538936 0.6777563 0.2972007 0 P 0
L 0.7047839 0.6082682 0.7047839 0.6299217 0 P 0
L 0.7047839 0.6082682 0.748091 0.6082682 0 P 0
L 0.7047839 0.6299217 0.748091 0.6299217 0 P 0
L 0.7067523 0.5324807 0.7067523 0.5915358 0 P 0
L 0.7067523 0.5324807 0.7461224 0.5324807 0 P 0
L 0.7067523 0.5915358 0.7461224 0.5915358 0 P 0
L 0.7082091 0.2952761 0.7082091 0.3169296 0 P 0
L 0.7082091 0.2952761 0.7515162 0.2952761 0 P 0
L 0.7082091 0.3169296 0.7515162 0.3169296 0 P 0
L 0.7092129 0.1771662 0.7092129 0.2185048 0 P 0
L 0.7092129 0.1771662 0.7505515 0.1771662 0 P 0
L 0.7092129 0.2185048 0.7505515 0.2185048 0 P 0
L 0.7092129 0.2362215 0.7092129 0.2775601 0 P 0
L 0.7092129 0.2362215 0.7505515 0.2362215 0 P 0
L 0.7092129 0.2775601 0.7505515 0.2775601 0 P 0
L 0.7092129 0.3346468 0.7092129 0.3759854 0 P 0
L 0.7092129 0.3346468 0.7505515 0.3346468 0 P 0
L 0.7092129 0.3759854 0.7505515 0.3759854 0 P 0
L 0.7092129 0.3937015 0.7092129 0.4350401 0 P 0
L 0.7092129 0.3937015 0.7505515 0.3937015 0 P 0
L 0.7092129 0.4350401 0.7505515 0.4350401 0 P 0
L 0.7092129 0.4527569 0.7092129 0.4940955 0 P 0
L 0.7092129 0.4527569 0.7505515 0.4527569 0 P 0
L 0.7092129 0.4940955 0.7505515 0.4940955 0 P 0
L 0.7461224 0.5324807 0.7461224 0.5915358 0 P 0
L 0.748091 0.6082682 0.748091 0.6299217 0 P 0
L 0.7505515 0.1771662 0.7505515 0.2185048 0 P 0
L 0.7505515 0.2362215 0.7505515 0.2775601 0 P 0
L 0.7505515 0.3346468 0.7505515 0.3759854 0 P 0
L 0.7505515 0.3937015 0.7505515 0.4350401 0 P 0
L 0.7505515 0.4527569 0.7505515 0.4940955 0 P 0
L 0.7515162 0.2952761 0.7515162 0.3169296 0 P 0
L 0.8781733 0.5513464 0.8781733 0.5946535 0 P 0
L 0.8781733 0.5513464 0.8998268 0.5513464 0 P 0
L 0.8781733 0.5946535 0.8998268 0.5946534 0 P 0
L 0.8873469 0.1893749 0.887347 0.2110284 0 P 0
L 0.8873469 0.1893749 0.930654 0.1893749 0 P 0
L 0.887347 0.2110284 0.930654 0.2110284 0 P 0
L 0.8998268 0.5513464 0.8998268 0.5946534 0 P 0
L 0.9171732 0.5513307 0.9171732 0.5926693 0 P 0
L 0.9171732 0.5513307 0.9388268 0.5513307 0 P 0
L 0.9171732 0.5926693 0.9388268 0.5926693 0 P 0
L 0.930654 0.1893749 0.930654 0.2110284 0 P 0
L 0.9388268 0.5513307 0.9388268 0.5926693 0 P 0
L 1.410793 0.2702027 1.410793 0.3115413 0 P 0
L 1.410793 0.2702027 1.4324466 0.2702027 0 P 0
L 1.410793 0.3115413 1.4324466 0.3115413 0 P 0
L 1.410793 0.3686279 1.410793 0.4099665 0 P 0
L 1.410793 0.3686279 1.4324466 0.3686279 0 P 0
L 1.410793 0.4099665 1.4324466 0.4099665 0 P 0
L 1.4324466 0.2702027 1.4324466 0.3115413 0 P 0
L 1.4324466 0.3686279 1.4324466 0.4099665 0 P 0
L 1.4628158 0.4285336 1.4628158 0.5545304 0 P 0
L 1.4628158 0.4285336 1.5608126 0.4285336 0 P 0
L 1.4628158 0.5545304 1.5608126 0.5545304 0 P 0
L 1.5608126 0.4285336 1.5608126 0.5545304 0 P 0
L 1.5915353 0.4462661 1.5915353 0.4876047 0 P 0
L 1.5915353 0.4462661 1.6131889 0.4462661 0 P 0
L 1.5915353 0.4876047 1.6131889 0.4876047 0 P 0
L 1.5915353 0.5490257 1.5915353 0.5903643 0 P 0
L 1.5915353 0.5490257 1.6131889 0.5490257 0 P 0
L 1.5915353 0.5903643 1.6131889 0.5903643 0 P 0
L 1.6131889 0.4462661 1.6131889 0.4876047 0 P 0
L 1.6131889 0.5490257 1.6131889 0.5903643 0 P 0
L 1.8051281 0.3999999 2 0.205128 0 P 0
L 1.8051281 0.3999999 2 0.5948718 0 P 0
L 1.8104061 0.5599694 1.8257175 0.544658 0 P 0
L 1.8104061 0.5599694 1.8396369 0.5892002 0 P 0
L 1.8257175 0.544658 1.8549483 0.5738888 0 P 0
L 1.8396369 0.5892002 1.8549483 0.5738888 0 P 0
L 2 0.205128 2.1948719 0.3999999 0 P 0
L 2 0.5948718 2.1948719 0.3999999 0 P 0
L 2.1401305 0.2312293 2.1554419 0.2159179 0 P 0
L 2.1401305 0.2312293 2.1693613 0.2604601 0 P 0
L 2.1554419 0.2159179 2.1846727 0.2451487 0 P 0
L 2.161228 0.5646023 2.1765393 0.5799136 0 P 0
L 2.161228 0.5646023 2.1918507 0.5339796 0 P 0
L 2.1693613 0.2604601 2.1846727 0.2451487 0 P 0
L 2.1765393 0.5799136 2.2071621 0.5492909 0 P 0
L 2.1918507 0.5339796 2.2071621 0.5492909 0 P 0
L 2.9063243 0.3693187 2.9063243 0.4323139 0 P 0
L 2.9063243 0.3693187 2.9378187 0.3693187 0 P 0
L 2.9063243 0.4323139 2.9378187 0.4323139 0 P 0
L 2.9378187 0.3693187 2.9378187 0.4323139 0 P 0
L 2.9537402 0.3781849 2.9537402 0.421492 0 P 0
L 2.9537402 0.3781849 2.9753937 0.3781849 0 P 0
L 2.9537402 0.421492 2.9753937 0.421492 0 P 0
L 2.9753937 0.3781849 2.9753937 0.421492 0 P 0
L 2.9972442 0.3781849 2.9972442 0.421492 0 P 0
L 2.9972442 0.3781849 3.0188977 0.3781849 0 P 0
L 2.9972442 0.421492 3.0188977 0.421492 0 P 0
L 3.0188977 0.3781849 3.0188977 0.421492 0 P 0
L 3.0429529 0.2779532 3.0429529 0.5220476 1 P 0
L 3.0429529 0.2779532 3.2870473 0.2779532 1 P 0
L 3.0429529 0.5220476 3.2870473 0.5220476 1 P 0
L 3.2870473 0.2779532 3.2870473 0.5220476 1 P 0
