#Layer_Color=32768
#
#Feature symbol names
#
$0 r1.9685
$1 r3.937
$2 r5.9055
$3 r7.874

#
#Feature attribute names
#

#
#Layer features
#
A 1.5055398 0.3090552 1.5055398 0.3090552 1.4858548 0.3090552 0 P 0 N
A 1.5055398 0.3683781 1.5055398 0.3683781 1.4858548 0.3683781 0 P 0 N
A 1.693915 0.5092725 1.693915 0.5368031 1.71063 0.5230378 1 P 0 N
A 1.6939151 0.4502175 1.6939151 0.4777481 1.7106301 0.4639828 1 P 0 N
L -0.0187007 0.2129925 -0.0187007 0.5870083 1 P 0
L -0.0187007 0.2129925 0.2263781 0.2129925 1 P 0
L -0.0187007 0.5870083 0.2263781 0.5870083 1 P 0
L 0.0748033 0.4000004 0.0944883 0.4000004 1 P 0
L 0.0846458 0.3901579 0.0846458 0.4098429 1 P 0
L 0.2005907 0.4000004 0.2505907 0.4000004 2 P 0
L 0.2212994 0.1614174 0.2212994 0.2007875 0 P 0
L 0.2212994 0.1614174 0.2961025 0.1614174 0 P 0
L 0.2212994 0.2007875 0.2961025 0.2007875 0 P 0
L 0.2255907 0.3750004 0.2255907 0.4250004 2 P 0
L 0.2263781 0.2129925 0.2263781 0.5870083 1 P 0
L 0.2293307 0.4971261 0.2293307 0.6388584 1 P 0
L 0.2293307 0.4971261 0.3021653 0.4971261 1 P 0
L 0.2293307 0.6388584 0.3021653 0.6388584 1 P 0
L 0.246063 0.5679922 0.285433 0.5679922 1 P 0
L 0.2468899 0.1811024 0.270512 0.1811024 1 P 0
L 0.258701 0.1692914 0.258701 0.1929134 1 P 0
L 0.265748 0.5483072 0.265748 0.5876773 1 P 0
L 0.2961025 0.1614174 0.2961025 0.2007875 0 P 0
L 0.3021653 0.4971261 0.3021653 0.6388584 1 P 0
L 0.3100543 0.5927219 0.3100543 0.6355172 1 P 0
L 0.3100543 0.5927219 0.408007 0.5927219 1 P 0
L 0.3100543 0.6355172 0.408007 0.6355172 1 P 0
L 0.3145642 0.1653551 0.3145642 0.1948827 1 P 0
L 0.3145642 0.1653551 0.3854303 0.1653551 1 P 0
L 0.3145642 0.1948827 0.3854303 0.1948827 1 P 0
L 0.3257874 0.4086607 0.3257874 0.4381883 1 P 0
L 0.3257874 0.4086607 0.3966535 0.4086607 1 P 0
L 0.3257874 0.4381883 0.3966535 0.4381883 1 P 0
L 0.3257874 0.4452362 0.3257874 0.4747638 1 P 0
L 0.3257874 0.4452362 0.3966535 0.4452362 1 P 0
L 0.3257874 0.4747638 0.3966535 0.4747638 1 P 0
L 0.3257875 0.527559 0.3257875 0.5570866 1 P 0
L 0.3257875 0.527559 0.3966536 0.527559 1 P 0
L 0.3257875 0.5570866 0.3966536 0.5570866 1 P 0
L 0.3346456 0.4891733 0.3346456 0.5246063 0 P 0
L 0.3346456 0.4891733 0.3858268 0.4891733 0 P 0
L 0.3346456 0.5246063 0.3858268 0.5246063 0 P 0
L 0.3391705 0.1801189 0.360824 0.1801189 1 P 0
L 0.348425 0.5068866 0.3720474 0.5068866 1 P 0
L 0.3499972 0.1692922 0.3499972 0.1909457 1 P 0
L 0.3503937 0.4234245 0.3720472 0.4234245 1 P 0
L 0.3503937 0.46 0.3720472 0.46 1 P 0
L 0.3503938 0.5423228 0.3720473 0.5423228 1 P 0
L 0.3533966 0.6140253 0.3588364 0.6140253 1 P 0
L 0.3588364 0.6055986 0.3588364 0.6140253 1 P 0
L 0.3588364 0.6140253 0.3588364 0.6218978 1 P 0
L 0.3588364 0.6140253 0.3645383 0.6140253 1 P 0
L 0.3602362 0.4950754 0.3602362 0.5186978 1 P 0
L 0.3612205 0.4125977 0.3612205 0.4342512 1 P 0
L 0.3612205 0.4491732 0.3612205 0.4708267 1 P 0
L 0.3612205 0.5314961 0.3612205 0.5531496 1 P 0
L 0.3854303 0.1653551 0.3854303 0.1948827 1 P 0
L 0.3858268 0.4891733 0.3858268 0.5246063 0 P 0
L 0.3933079 0.1653551 0.3933079 0.1948827 1 P 0
L 0.3933079 0.1653551 0.464174 0.1653551 1 P 0
L 0.3933079 0.1948827 0.464174 0.1948827 1 P 0
L 0.3966535 0.4086607 0.3966535 0.4381883 1 P 0
L 0.3966535 0.4452362 0.3966535 0.4747638 1 P 0
L 0.3966536 0.527559 0.3966536 0.5570866 1 P 0
L 0.4057087 0.210591 0.4057087 0.433032 0 P 0
L 0.4057087 0.210591 0.6281497 0.210591 0 P 0
L 0.4057087 0.433032 0.6281497 0.433032 0 P 0
L 0.408007 0.5927219 0.408007 0.6355172 1 P 0
L 0.4090154 0.5675197 0.4090154 0.6293308 0 P 0
L 0.4090154 0.5675197 0.4680705 0.5675197 0 P 0
L 0.4090154 0.6293308 0.4680705 0.6293308 0 P 0
L 0.4139368 0.573819 0.4139368 0.6230316 1 P 0
L 0.4139368 0.573819 0.4631493 0.573819 1 P 0
L 0.4139368 0.6230316 0.4631493 0.6230316 1 P 0
L 0.4179142 0.1801189 0.4395677 0.1801189 1 P 0
L 0.4287409 0.1692922 0.4287409 0.1909457 1 P 0
L 0.4355908 0.4665361 0.4355908 0.5374022 1 P 0
L 0.4355908 0.4665361 0.4651184 0.4665361 1 P 0
L 0.4355908 0.5374022 0.4651184 0.5374022 1 P 0
L 0.4395278 0.5019691 0.4611813 0.5019691 1 P 0
L 0.4503546 0.4911424 0.4503546 0.5127959 1 P 0
L 0.4631493 0.573819 0.4631493 0.6230316 1 P 0
L 0.464174 0.1653551 0.464174 0.1948827 1 P 0
L 0.4651184 0.4665361 0.4651184 0.5374022 1 P 0
L 0.4680705 0.5675197 0.4680705 0.6293308 0 P 0
L 0.4710631 0.1663394 0.4710631 0.1938984 1 P 0
L 0.4710631 0.1663394 0.5419293 0.1663394 1 P 0
L 0.4710631 0.1938984 0.5419293 0.1938984 1 P 0
L 0.4720075 0.5610243 0.4720075 0.6318905 1 P 0
L 0.4720075 0.5610243 0.4995665 0.5610243 1 P 0
L 0.4720075 0.6318905 0.4995665 0.6318905 1 P 0
L 0.4729918 0.4665362 0.4729918 0.5374023 1 P 0
L 0.4729918 0.4665362 0.5025194 0.4665362 1 P 0
L 0.4729918 0.5374023 0.5025194 0.5374023 1 P 0
L 0.4749602 0.5964574 0.4966138 0.5964574 1 P 0
L 0.4769288 0.5019692 0.4985823 0.5019692 1 P 0
L 0.485787 0.5856306 0.485787 0.6072842 1 P 0
L 0.4877556 0.4911425 0.4877556 0.512796 1 P 0
L 0.4956694 0.1801189 0.517323 0.1801189 1 P 0
L 0.4972442 0.3218115 0.5366143 0.3218115 1 P 0
L 0.4995665 0.5610243 0.4995665 0.6318905 1 P 0
L 0.5025194 0.4665362 0.5025194 0.5374023 1 P 0
L 0.5064962 0.1692921 0.5064962 0.1909457 1 P 0
L 0.5169292 0.3021264 0.5169292 0.3414965 1 P 0
L 0.5208662 0.5226375 0.5208662 0.5974406 0 P 0
L 0.5208662 0.5226375 0.6102363 0.5226375 0 P 0
L 0.5208662 0.5974406 0.6102363 0.5974406 0 P 0
L 0.5301178 0.6043311 0.5301178 0.6338587 1 P 0
L 0.5301178 0.6043311 0.6009839 0.6043311 1 P 0
L 0.5301178 0.6338587 0.6009839 0.6338587 1 P 0
L 0.5303151 0.4881886 0.5303151 0.5157476 1 P 0
L 0.5303151 0.4881886 0.6011813 0.4881886 1 P 0
L 0.5303151 0.5157476 0.6011813 0.5157476 1 P 0
L 0.5419293 0.1663394 0.5419293 0.1938984 1 P 0
L 0.5458662 0.5600391 0.5852363 0.5600391 1 P 0
L 0.5478348 0.1663394 0.5478348 0.1938984 1 P 0
L 0.5478348 0.1663394 0.618701 0.1663394 1 P 0
L 0.5478348 0.1938984 0.618701 0.1938984 1 P 0
L 0.5547241 0.6190949 0.5763776 0.6190949 1 P 0
L 0.5549214 0.5019681 0.576575 0.5019681 1 P 0
L 0.5655508 0.6082682 0.5655508 0.6299217 1 P 0
L 0.5655513 0.540354 0.5655513 0.5797241 1 P 0
L 0.5657482 0.4911413 0.5657482 0.5127949 1 P 0
L 0.5724411 0.1801189 0.5940947 0.1801189 1 P 0
L 0.5832679 0.1692921 0.5832679 0.1909457 1 P 0
L 0.6009839 0.6043311 0.6009839 0.6338587 1 P 0
L 0.6011813 0.4881886 0.6011813 0.5157476 1 P 0
L 0.6078741 0.6053154 0.6078741 0.6328744 1 P 0
L 0.6078741 0.6053154 0.6787403 0.6053154 1 P 0
L 0.6078741 0.6328744 0.6787403 0.6328744 1 P 0
L 0.6102363 0.5226375 0.6102363 0.5974406 0 P 0
L 0.6167327 0.5265763 0.6167327 0.5974424 1 P 0
L 0.6167327 0.5265763 0.6462603 0.5265763 1 P 0
L 0.6167327 0.5974424 0.6462603 0.5974424 1 P 0
L 0.618701 0.1663394 0.618701 0.1938984 1 P 0
L 0.6206697 0.5620093 0.6423232 0.5620093 1 P 0
L 0.6281497 0.210591 0.6281497 0.433032 0 P 0
L 0.6314965 0.5511826 0.6314965 0.5728361 1 P 0
L 0.6324804 0.6190949 0.654134 0.6190949 1 P 0
L 0.6364173 0.3178745 0.6364173 0.3887406 1 P 0
L 0.6364173 0.3178745 0.6659449 0.3178745 1 P 0
L 0.6364173 0.3887406 0.6659449 0.3887406 1 P 0
L 0.6374016 0.3986224 0.6374016 0.4694886 1 P 0
L 0.6374016 0.3986224 0.6649606 0.3986224 1 P 0
L 0.6374016 0.4694886 0.6649606 0.4694886 1 P 0
L 0.6403543 0.3533075 0.6620078 0.3533075 1 P 0
L 0.6403543 0.4340555 0.6620079 0.4340555 1 P 0
L 0.6433072 0.6082681 0.6433072 0.6299217 1 P 0
L 0.6462603 0.5265763 0.6462603 0.5974424 1 P 0
L 0.6511811 0.3424808 0.6511811 0.3641343 1 P 0
L 0.6511811 0.4232287 0.6511811 0.4448823 1 P 0
L 0.6521653 0.5265752 0.6521653 0.5974413 1 P 0
L 0.6521653 0.5265752 0.6816929 0.5265752 1 P 0
L 0.6521653 0.5974413 0.6816929 0.5974413 1 P 0
L 0.6521658 0.2401141 0.6521658 0.3109802 1 P 0
L 0.6521658 0.2401141 0.6816934 0.2401141 1 P 0
L 0.6521658 0.3109802 0.6816934 0.3109802 1 P 0
L 0.6561023 0.5620082 0.6777558 0.5620082 1 P 0
L 0.6561028 0.2755471 0.6777563 0.2755471 1 P 0
L 0.6649606 0.3986224 0.6649606 0.4694886 1 P 0
L 0.6659449 0.3178745 0.6659449 0.3887406 1 P 0
L 0.6669291 0.5511815 0.6669291 0.572835 1 P 0
L 0.6669296 0.2647204 0.6669296 0.2863739 1 P 0
L 0.6787403 0.6053154 0.6787403 0.6328744 1 P 0
L 0.6816929 0.5265752 0.6816929 0.5974413 1 P 0
L 0.6816934 0.2401141 0.6816934 0.3109802 1 P 0
L 0.6910044 0.6043311 0.6910044 0.6338587 1 P 0
L 0.6910044 0.6043311 0.7618705 0.6043311 1 P 0
L 0.6910044 0.6338587 0.7618705 0.6338587 1 P 0
L 0.6944296 0.291339 0.6944296 0.3208666 1 P 0
L 0.6944296 0.291339 0.7652957 0.291339 1 P 0
L 0.6944296 0.3208666 0.7652957 0.3208666 1 P 0
L 0.6969098 0.5226382 0.6969098 0.6013783 0 P 0
L 0.6969098 0.5226382 0.7559649 0.5226382 0 P 0
L 0.6969098 0.6013783 0.7559649 0.6013783 0 P 0
L 0.7013389 0.1712607 0.7013389 0.2244103 0 P 0
L 0.7013389 0.1712607 0.7584255 0.1712607 0 P 0
L 0.7013389 0.2244103 0.7584255 0.2244103 0 P 0
L 0.7013389 0.230316 0.7013389 0.2834656 0 P 0
L 0.7013389 0.230316 0.7584255 0.230316 0 P 0
L 0.7013389 0.2834656 0.7584255 0.2834656 0 P 0
L 0.7013389 0.3287413 0.7013389 0.3818909 0 P 0
L 0.7013389 0.3287413 0.7584255 0.3287413 0 P 0
L 0.7013389 0.3818909 0.7584255 0.3818909 0 P 0
L 0.7013389 0.387796 0.7013389 0.4409456 0 P 0
L 0.7013389 0.387796 0.7584255 0.387796 0 P 0
L 0.7013389 0.4409456 0.7584255 0.4409456 0 P 0
L 0.7013389 0.4468514 0.7013389 0.500001 0 P 0
L 0.7013389 0.4468514 0.7584255 0.4468514 0 P 0
L 0.7013389 0.500001 0.7584255 0.500001 0 P 0
L 0.7067523 0.5620082 0.7461224 0.5620082 1 P 0
L 0.7101972 0.1978355 0.7495673 0.1978355 1 P 0
L 0.7101972 0.2568908 0.7495673 0.2568908 1 P 0
L 0.7101972 0.3553161 0.7495673 0.3553161 1 P 0
L 0.7101972 0.4143708 0.7495673 0.4143708 1 P 0
L 0.7101972 0.4734262 0.7495673 0.4734262 1 P 0
L 0.7156107 0.6190949 0.7372642 0.6190949 1 P 0
L 0.7190359 0.3061028 0.7406894 0.3061028 1 P 0
L 0.7264374 0.5423232 0.7264374 0.5816933 1 P 0
L 0.7264374 0.6082682 0.7264374 0.6299217 1 P 0
L 0.7298626 0.2952761 0.7298626 0.3169296 1 P 0
L 0.7298822 0.1781504 0.7298822 0.2175205 1 P 0
L 0.7298822 0.2372057 0.7298822 0.2765758 1 P 0
L 0.7298822 0.335631 0.7298822 0.3750011 1 P 0
L 0.7298822 0.3946857 0.7298822 0.4340558 1 P 0
L 0.7298822 0.4537411 0.7298822 0.4931112 1 P 0
L 0.7559649 0.5226382 0.7559649 0.6013783 0 P 0
L 0.7584255 0.1712607 0.7584255 0.2244103 0 P 0
L 0.7584255 0.230316 0.7584255 0.2834656 0 P 0
L 0.7584255 0.3287413 0.7584255 0.3818909 0 P 0
L 0.7584255 0.387796 0.7584255 0.4409456 0 P 0
L 0.7584255 0.4468514 0.7584255 0.500001 0 P 0
L 0.7618705 0.6043311 0.7618705 0.6338587 1 P 0
L 0.7652957 0.291339 0.7652957 0.3208666 1 P 0
L 0.7832869 0.6200164 0.7832869 0.6475754 1 P 0
L 0.7832869 0.6200164 0.8541531 0.6200164 1 P 0
L 0.7832869 0.6475754 0.8541531 0.6475754 1 P 0
L 0.8078932 0.6337959 0.8295468 0.6337959 1 P 0
L 0.81872 0.6229691 0.81872 0.6446227 1 P 0
L 0.8541531 0.6200164 0.8541531 0.6475754 1 P 0
L 0.8735674 0.1854378 0.8735674 0.2149654 1 P 0
L 0.8735674 0.1854378 0.9444335 0.1854378 1 P 0
L 0.8735674 0.2149654 0.9444335 0.2149654 1 P 0
L 0.8742362 0.5375669 0.8742362 0.608433 1 P 0
L 0.8742362 0.5375669 0.9037638 0.5375669 1 P 0
L 0.8742362 0.608433 0.9037638 0.608433 1 P 0
L 0.8781733 0.573 0.8998268 0.573 1 P 0
L 0.889 0.5621732 0.889 0.5838267 1 P 0
L 0.8981737 0.2002016 0.9198272 0.2002016 1 P 0
L 0.9037638 0.5375669 0.9037638 0.608433 1 P 0
L 0.9090004 0.1893749 0.9090004 0.2110284 1 P 0
L 0.9142205 0.5365669 0.9142205 0.6074331 1 P 0
L 0.9142205 0.5365669 0.9417795 0.5365669 1 P 0
L 0.9142205 0.6074331 0.9417795 0.6074331 1 P 0
L 0.9171732 0.572 0.9388268 0.572 1 P 0
L 0.928 0.5611732 0.928 0.5828268 1 P 0
L 0.9417795 0.5365669 0.9417795 0.6074331 1 P 0
L 0.9444335 0.1854378 0.9444335 0.2149654 1 P 0
L 0.9633858 0.5305827 0.9633858 0.6034173 1 P 0
L 0.9633858 0.5305827 1.1366142 0.5305827 1 P 0
L 0.9633858 0.6034173 1.1366142 0.6034173 1 P 0
L 1.0312992 0.567 1.0706693 0.567 1 P 0
L 1.05 0.5476299 1.05 0.587 1 P 0
L 1.1366142 0.5305827 1.1366142 0.6034173 1 P 0
L 1.3064623 0.2446121 1.3064623 0.3981555 1 P 0
L 1.3064623 0.2446121 1.3930765 0.2446121 1 P 0
L 1.3064623 0.3981555 1.3930765 0.3981555 1 P 0
L 1.3241788 0.4013761 1.3241788 0.4289351 1 P 0
L 1.3241788 0.4013761 1.395045 0.4013761 1 P 0
L 1.3241788 0.4289351 1.395045 0.4289351 1 P 0
L 1.3320529 0.3213838 1.3497694 0.3213838 1 P 0
L 1.3487851 0.4151556 1.3704387 0.4151556 1 P 0
L 1.3497694 0.3036673 1.3497694 0.3213838 1 P 0
L 1.3497694 0.3213838 1.3497694 0.3391003 1 P 0
L 1.3497694 0.3213838 1.3674859 0.3213838 1 P 0
L 1.3596119 0.4043288 1.3596119 0.4259824 1 P 0
L 1.3930765 0.2446121 1.3930765 0.3981555 1 P 0
L 1.395045 0.4013761 1.395045 0.4289351 1 P 0
L 1.4078403 0.2554389 1.4078403 0.3263051 1 P 0
L 1.4078403 0.2554389 1.4353993 0.2554389 1 P 0
L 1.4078403 0.3263051 1.4353993 0.3263051 1 P 0
L 1.4078403 0.3538641 1.4078403 0.4247303 1 P 0
L 1.4078403 0.3538641 1.4353993 0.3538641 1 P 0
L 1.4078403 0.4247303 1.4353993 0.4247303 1 P 0
L 1.410793 0.290872 1.4324466 0.290872 1 P 0
L 1.410793 0.3892972 1.4324466 0.3892972 1 P 0
L 1.4216198 0.2800452 1.4216198 0.3016988 1 P 0
L 1.4216198 0.3784704 1.4216198 0.400124 1 P 0
L 1.4353993 0.2554389 1.4353993 0.3263051 1 P 0
L 1.4353993 0.3538641 1.4353993 0.4247303 1 P 0
L 1.4645669 0.4275652 1.4645669 0.5535495 1 P 0
L 1.4645669 0.4275652 1.5590551 0.4275652 1 P 0
L 1.4645669 0.5535495 1.5590551 0.5535495 1 P 0
L 1.492126 0.4915416 1.531496 0.4915416 1 P 0
L 1.4940945 0.5752032 1.4940945 0.6027622 1 P 0
L 1.4940945 0.5752032 1.5649607 0.5752032 1 P 0
L 1.4940945 0.6027622 1.5649607 0.6027622 1 P 0
L 1.511811 0.4718566 1.511811 0.5112266 1 P 0
L 1.5187008 0.5889827 1.5403544 0.5889827 1 P 0
L 1.5295276 0.5781559 1.5295276 0.5998095 1 P 0
L 1.5590551 0.4275652 1.5590551 0.5535495 1 P 0
L 1.5649607 0.5752032 1.5649607 0.6027622 1 P 0
L 1.5885826 0.4315023 1.5885826 0.5023685 1 P 0
L 1.5885826 0.4315023 1.6161416 0.4315023 1 P 0
L 1.5885826 0.5023685 1.6161416 0.5023685 1 P 0
L 1.5885826 0.5342619 1.5885826 0.6051281 1 P 0
L 1.5885826 0.5342619 1.6161416 0.5342619 1 P 0
L 1.5885826 0.6051281 1.6161416 0.6051281 1 P 0
L 1.5915353 0.4669354 1.6131889 0.4669354 1 P 0
L 1.5915353 0.569695 1.6131889 0.569695 1 P 0
L 1.6023621 0.4561086 1.6023621 0.4777622 1 P 0
L 1.6023621 0.5588682 1.6023621 0.5805218 1 P 0
L 1.6161416 0.4315023 1.6161416 0.5023685 1 P 0
L 1.6161416 0.5342619 1.6161416 0.6051281 1 P 0
L 1.6545275 0.5092583 1.6545275 0.5368173 1 P 0
L 1.6545275 0.5092583 1.693915 0.5092583 1 P 0
L 1.6545275 0.5368173 1.693915 0.5368173 1 P 0
L 1.6545276 0.4502033 1.6545276 0.4777623 1 P 0
L 1.6545276 0.4502033 1.6939151 0.4502033 1 P 0
L 1.6545276 0.4777623 1.6939151 0.4777623 1 P 0
L 1.6791338 0.5230378 1.7007874 0.5230378 1 P 0
L 1.6791339 0.4639828 1.7007875 0.4639828 1 P 0
L 1.6899606 0.512211 1.6899606 0.5338646 1 P 0
L 1.6899607 0.453156 1.6899607 0.4748096 1 P 0
L 1.7132599 0.4 2 0.1132599 1 P 0
L 1.7132599 0.4 2 0.6867401 1 P 0
L 1.7978786 0.5516177 1.8173658 0.5321305 1 P 0
L 1.7978786 0.5516177 1.8479886 0.6017277 1 P 0
L 1.8173658 0.5321305 1.8674758 0.5822405 1 P 0
L 1.8250215 0.5592734 1.8403329 0.5745848 1 P 0
L 1.8250215 0.5745848 1.8403329 0.5592734 1 P 0
L 1.8479886 0.6017277 1.8674758 0.5822405 1 P 0
L 1.9860805 0.3860805 2.0139194 0.4139194 1 P 0
L 1.9860806 0.4139194 2.0139195 0.3860805 1 P 0
L 2 0.1132599 2.2867401 0.4 1 P 0
L 2 0.6867401 2.2867401 0.4 1 P 0
L 2.127603 0.2228776 2.1470902 0.2033904 1 P 0
L 2.127603 0.2228776 2.177713 0.2729876 1 P 0
L 2.1470902 0.2033904 2.1972002 0.2535004 1 P 0
L 2.1487005 0.571562 2.1695797 0.5924412 1 P 0
L 2.1487005 0.571562 2.1988104 0.5214521 1 P 0
L 2.1547459 0.2305333 2.1700573 0.2458447 1 P 0
L 2.1547459 0.2458447 2.1700573 0.2305333 1 P 0
L 2.1695797 0.5924412 2.2196896 0.5423313 1 P 0
L 2.1765394 0.5492909 2.1918507 0.5646022 1 P 0
L 2.1765394 0.5646023 2.1918507 0.549291 1 P 0
L 2.177713 0.2729876 2.1972002 0.2535004 1 P 0
L 2.1988104 0.5214521 2.2196896 0.5423313 1 P 0
L 2.9023865 0.3486573 2.9023865 0.4529881 0 P 0
L 2.9023865 0.3486573 2.9417565 0.3486573 0 P 0
L 2.9023865 0.4529881 2.9417565 0.4529881 0 P 0
L 2.9102605 0.4008227 2.9338825 0.4008227 1 P 0
L 2.9220715 0.3890116 2.9220715 0.4126337 1 P 0
L 2.9417565 0.3486573 2.9417565 0.4529881 0 P 0
L 2.9498032 0.3644054 2.9498032 0.4352715 1 P 0
L 2.9498032 0.3644054 2.9793308 0.3644054 1 P 0
L 2.9498032 0.4352715 2.9793308 0.4352715 1 P 0
L 2.9537402 0.3998384 2.9753937 0.3998384 1 P 0
L 2.964567 0.3890117 2.964567 0.4106652 1 P 0
L 2.9793308 0.3644054 2.9793308 0.4352715 1 P 0
L 2.9933072 0.3644054 2.9933072 0.4352715 1 P 0
L 2.9933072 0.3644054 3.0228348 0.3644054 1 P 0
L 2.9933072 0.4352715 3.0228348 0.4352715 1 P 0
L 2.9972442 0.3998384 3.0188977 0.3998384 1 P 0
L 3.008071 0.3890117 3.008071 0.4106652 1 P 0
L 3.0228348 0.3644054 3.0228348 0.4352715 1 P 0
L 3.0370473 0.2326776 3.0370473 0.5673232 3 P 0
L 3.0370473 0.2326776 3.2929529 0.2326776 3 P 0
L 3.0370473 0.5673232 3.2929529 0.5673232 3 P 0
L 3.1453151 0.4000004 3.1846851 0.4000004 3 P 0
L 3.1650001 0.3803154 3.1650001 0.4196854 3 P 0
L 3.2929529 0.2326776 3.2929529 0.5673232 3 P 0
