#Layer_Color=8388736
#
#Feature symbol names
#
$0 r1.9685
$1 r3.937

#
#Feature attribute names
#

#
#Layer features
#
A 0.8832854 0.2362347 0.8832854 0.2637653 0.9000004 0.25 1 P 0 N
A 0.8832854 0.2862347 0.8832854 0.3137653 0.9000004 0.3 1 P 0 N
A 0.8832854 0.3362347 0.8832854 0.3637653 0.9000004 0.35 1 P 0 N
A 0.8832854 0.3862347 0.8832854 0.4137653 0.9000004 0.4 1 P 0 N
A 0.8832854 0.4362347 0.8832854 0.4637653 0.9000004 0.45 1 P 0 N
A 0.8832854 0.4862347 0.8832854 0.5137653 0.9000004 0.5 1 P 0 N
A 1.5268508 0.2952899 1.5268508 0.3228205 1.5435658 0.3090552 1 P 0 N
A 1.5268508 0.3546128 1.5268508 0.3821434 1.5435658 0.3683781 1 P 0 N
A 1.7992126 0.4635827 1.7992126 0.4635827 1.7795276 0.4635827 0 P 0 N
A 1.7992126 0.5226378 1.7992126 0.5226378 1.7795276 0.5226378 0 P 0 N
L 0.0000001 0.2523626 0.0000001 0.5476382 1 P 0
L 0.8438979 0.2362205 0.8438979 0.2637795 1 P 0
L 0.8438979 0.2362205 0.8832854 0.2362205 1 P 0
L 0.8438979 0.2637795 0.8832854 0.2637795 1 P 0
L 0.8438979 0.2862205 0.8438979 0.3137795 1 P 0
L 0.8438979 0.2862205 0.8832854 0.2862205 1 P 0
L 0.8438979 0.3137795 0.8832854 0.3137795 1 P 0
L 0.8438979 0.3362205 0.8438979 0.3637795 1 P 0
L 0.8438979 0.3362205 0.8832854 0.3362205 1 P 0
L 0.8438979 0.3637795 0.8832854 0.3637795 1 P 0
L 0.8438979 0.3862205 0.8438979 0.4137795 1 P 0
L 0.8438979 0.3862205 0.8832854 0.3862205 1 P 0
L 0.8438979 0.4137795 0.8832854 0.4137795 1 P 0
L 0.8438979 0.4362205 0.8438979 0.4637795 1 P 0
L 0.8438979 0.4362205 0.8832854 0.4362205 1 P 0
L 0.8438979 0.4637795 0.8832854 0.4637795 1 P 0
L 0.8438979 0.4862205 0.8438979 0.5137795 1 P 0
L 0.8438979 0.4862205 0.8832854 0.4862205 1 P 0
L 0.8438979 0.5137795 0.8832854 0.5137795 1 P 0
L 0.8685042 0.25 0.8901578 0.25 1 P 0
L 0.8685042 0.3 0.8901578 0.3 1 P 0
L 0.8685042 0.35 0.8901578 0.35 1 P 0
L 0.8685042 0.4 0.8901578 0.4 1 P 0
L 0.8685042 0.45 0.8901578 0.45 1 P 0
L 0.8685042 0.5 0.8901578 0.5 1 P 0
L 0.879331 0.2391732 0.879331 0.2608268 1 P 0
L 0.879331 0.2891732 0.879331 0.3108268 1 P 0
L 0.879331 0.3391732 0.879331 0.3608268 1 P 0
L 0.879331 0.3891732 0.879331 0.4108268 1 P 0
L 0.879331 0.4391732 0.879331 0.4608268 1 P 0
L 0.879331 0.4891732 0.879331 0.5108268 1 P 0
L 1.4874633 0.2952757 1.4874633 0.3228347 1 P 0
L 1.4874633 0.2952757 1.5268508 0.2952757 1 P 0
L 1.4874633 0.3228347 1.5268508 0.3228347 1 P 0
L 1.4874633 0.3545986 1.4874633 0.3821576 1 P 0
L 1.4874633 0.3545986 1.5268508 0.3545986 1 P 0
L 1.4874633 0.3821576 1.5268508 0.3821576 1 P 0
L 1.5120696 0.3090552 1.5337232 0.3090552 1 P 0
L 1.5120696 0.3683781 1.5337232 0.3683781 1 P 0
L 1.5228964 0.2982284 1.5228964 0.319882 1 P 0
L 1.5228964 0.3575513 1.5228964 0.3792049 1 P 0
